20 30
3
2 7
15 1
23 18
14 12
111100000011101111000000111001
100000000000000000000000000001
100000000011011000000000110111
100000000011011000000000110111
100000000000000000000000000001
100000000000000000000000000001
000001110000000000011100000001
000001110000000000011100000000
100001110000000000011100110000
100001110011000000011100110001
100001110011000000011100110001
100000000000000000000000110001
100000000000011000000000000001
100000000000011000000000000001
100001110000000000011111000001
100001110000000000011111000000
000001110011100000011111000000
000001110011110000011111000001
110001110011110000011111000001
111000000011100000000000000001
